0 0.248828125 0.571875 0.10859375 0.2625
0 0.7451171875 0.525 0.08945312500000001 0.25625
0 0.6451171875 0.6041666666666666 0.106640625 0.2625
0 0.3482421875 0.49635416666666665 0.098046875 0.24479166666666666
0 0.2333984375 0.3255208333333333 0.087109375 0.178125
0 0.9144531250000001 0.14583333333333334 0.084375 0.17916666666666667
0 0.46914062500000003 0.11614583333333334 0.05859375 0.178125
0 0.6482421875000001 0.3541666666666667 0.091796875 0.17708333333333334
0 0.9705078125000001 0.19375 0.057421875000000004 0.17708333333333334
0 0.9593750000000001 0.07708333333333334 0.06875 0.13541666666666666
0 0.9632812500000001 0.14583333333333334 0.06640625 0.2
