0 0.7791015625000001 0.6895833333333333 0.087890625 0.225
0 0.3681640625 0.6697916666666667 0.095703125 0.22708333333333333
0 0.6498046875000001 0.8270833333333333 0.08085937500000001 0.22291666666666665
0 0.2580078125 0.3932291666666667 0.082421875 0.16145833333333334
0 0.8859375 0.7151041666666667 0.09609375 0.22604166666666667
0 0.465625 0.671875 0.07500000000000001 0.21875
0 0.6294921875 0.19322916666666667 0.072265625 0.171875
0 0.19394531250000002 0.17447916666666666 0.06992187500000001 0.171875
0 0.39960937500000004 0.7880208333333333 0.040625 0.103125
0 0.5884765625 0.04583333333333333 0.055078125000000006 0.08541666666666667
0 0.8480468750000001 0.7479166666666667 0.034375 0.07708333333333334
0 0.6796875 0.41302083333333334 0.08359375000000001 0.20520833333333333
0 0.28046875 0.35572916666666665 0.06953125 0.14479166666666665
0 0.2142578125 0.7619791666666667 0.054296875 0.13854166666666667
0 0.1953125 0.8432291666666667 0.059375000000000004 0.11562499999999999
