0 0.7771484375000001 0.6182291666666666 0.122265625 0.3072916666666667
0 0.2537109375 0.6458333333333334 0.080078125 0.2375
0 0.06015625 0.4739583333333333 0.10390625 0.23333333333333334
0 0.70078125 0.578125 0.09531250000000001 0.29791666666666666
0 0.4099609375 0.5895833333333333 0.10820312500000001 0.2833333333333333
0 0.638671875 0.49947916666666664 0.06640625 0.14270833333333333
0 0.326171875 0.5666666666666667 0.11640625 0.36041666666666666
0 0.0310546875 0.3932291666666667 0.051171875000000006 0.109375
0 0.02734375 0.2973958333333333 0.0546875 0.15104166666666666
0 0.21503906250000002 0.4640625 0.059765625 0.13020833333333334
