0 0.25078125 0.23489583333333333 0.1078125 0.2864583333333333
0 0.3046875 0.6927083333333334 0.078125 0.15208333333333332
0 0.3298828125 0.5078125 0.08476562500000001 0.22395833333333334
0 0.261328125 0.5380208333333333 0.06796875000000001 0.203125
0 0.3123046875 0.2578125 0.072265625 0.25104166666666666
0 0.6611328125 0.2484375 0.090234375 0.2947916666666667
0 0.681640625 0.5520833333333334 0.049218750000000006 0.2
0 0.7214843750000001 0.7119791666666666 0.060937500000000006 0.134375
0 0.7449218750000001 0.5395833333333333 0.09062500000000001 0.24583333333333332
0 0.7214843750000001 0.284375 0.060937500000000006 0.24375
