0 0.1234375 0.08958333333333333 0.053125000000000006 0.15
0 0.6371093750000001 0.47604166666666664 0.1015625 0.28125
0 0.22890625 0.46197916666666666 0.10312500000000001 0.26979166666666665
0 0.26894531250000003 0.696875 0.079296875 0.20208333333333334
0 0.334765625 0.6598958333333333 0.065625 0.165625
0 0.751171875 0.69375 0.060937500000000006 0.16875
0 0.31191406250000003 0.4197916666666667 0.08867187500000001 0.25625
0 0.6814453125000001 0.7203125 0.08476562500000001 0.20104166666666667
0 0.5593750000000001 0.11979166666666667 0.053125000000000006 0.14375
0 0.7230468750000001 0.4640625 0.09921875000000001 0.25104166666666666
0 0.3876953125 0.06302083333333333 0.055078125000000006 0.11562499999999999
0 0.18515625000000002 0.08958333333333333 0.06796875000000001 0.12916666666666665
0 0.8353515625000001 0.078125 0.064453125 0.15416666666666667
