0 0.225390625 0.8125 0.10625000000000001 0.26666666666666666
0 0.2607421875 0.546875 0.106640625 0.2520833333333333
0 0.648046875 0.8395833333333333 0.10625000000000001 0.23958333333333334
0 0.32753906250000003 0.5447916666666667 0.08554687500000001 0.2604166666666667
0 0.7431640625 0.5786458333333333 0.09335937500000001 0.2635416666666667
0 0.11992187500000001 0.09895833333333333 0.09453125000000001 0.19166666666666665
0 0.6804687500000001 0.5927083333333333 0.08750000000000001 0.23124999999999998
0 0.4556640625 0.8786458333333333 0.07773437500000001 0.171875
0 0.909765625 0.9130208333333333 0.06406250000000001 0.15729166666666666
0 0.1833984375 0.08177083333333333 0.052734375 0.14270833333333333
0 0.23886718750000002 0.096875 0.064453125 0.16041666666666665
0 0.22128906250000002 0.5145833333333333 0.047265625000000006 0.22083333333333333
0 0.5595703125 0.1171875 0.08085937500000001 0.16979166666666667
0 0.6199218750000001 0.11302083333333333 0.16328125000000002 0.21979166666666666
