0 0.6109375 0.5229166666666667 0.11406250000000001 0.2916666666666667
0 0.35097656250000003 0.0828125 0.058984375000000006 0.13854166666666667
0 0.058203125 0.35885416666666664 0.10625000000000001 0.321875
0 0.758984375 0.659375 0.10546875 0.29583333333333334
0 0.37714843750000004 0.6229166666666667 0.101953125 0.29791666666666666
0 0.2484375 0.4979166666666667 0.12812500000000002 0.26666666666666666
0 0.6941406250000001 0.4713541666666667 0.09375 0.21145833333333333
0 0.534375 0.6171875 0.08046875 0.28020833333333334
0 0.8041015625000001 0.12760416666666666 0.055859375 0.134375
0 0.8861328125000001 0.0796875 0.064453125 0.153125
0 0.15625 0.5567708333333333 0.13359375 0.3885416666666667
