0 0.2087890625 0.5515625 0.115234375 0.2677083333333333
0 0.745703125 0.5109375 0.08046875 0.196875
0 0.623046875 0.5791666666666666 0.11093750000000001 0.2625
0 0.31484375000000003 0.47760416666666666 0.08046875 0.203125
0 0.8234375 0.6385416666666667 0.08125 0.20833333333333334
0 0.39179687500000004 0.59375 0.07890625000000001 0.22083333333333333
0 0.4109375 0.21458333333333332 0.0546875 0.12708333333333333
0 0.8658203125 0.24427083333333333 0.059765625 0.13229166666666667
0 0.7984375 0.2171875 0.060937500000000006 0.121875
0 0.345703125 0.18802083333333333 0.059375000000000004 0.13020833333333334
