0 0.29375 0.5651041666666666 0.08046875 0.184375
0 0.371875 0.30833333333333335 0.07187500000000001 0.21041666666666667
0 0.23261718750000002 0.5421875 0.079296875 0.21354166666666666
0 0.7347656250000001 0.5963541666666666 0.0765625 0.190625
0 0.6748046875 0.5739583333333333 0.069140625 0.21875
0 0.8076171875 0.346875 0.08164062500000001 0.20416666666666666
0 0.7484375000000001 0.3390625 0.06953125 0.178125
0 0.311328125 0.3 0.06953125 0.18541666666666667
0 0.381640625 0.8598958333333333 0.06406250000000001 0.15520833333333334
0 0.81953125 0.8848958333333333 0.07421875 0.159375
