0 0.5361328125 0.14270833333333333 0.053515625000000004 0.12291666666666666
0 0.1173828125 0.29791666666666666 0.06601562500000001 0.14791666666666667
0 0.1404296875 0.16197916666666667 0.074609375 0.159375
0 0.31757812500000004 0.6015625 0.05625 0.15729166666666666
0 0.578515625 0.3255208333333333 0.059375000000000004 0.159375
0 0.7296875 0.7208333333333333 0.0421875 0.10208333333333333
0 0.79296875 0.41562499999999997 0.0546875 0.13333333333333333
0 0.366796875 0.38697916666666665 0.049218750000000006 0.12604166666666666
0 0.7451171875 0.63125 0.058203125 0.15625
0 0.6041015625 0.17083333333333334 0.058984375000000006 0.125
0 0.35488281250000003 0.5614583333333333 0.063671875 0.18958333333333333
0 0.7880859375 0.5869791666666666 0.062890625 0.196875
0 0.065234375 0.1140625 0.060937500000000006 0.134375
