0 0.7802734375 0.5348958333333333 0.054296875 0.140625
0 0.366015625 0.5010416666666666 0.0625 0.14375
0 0.19257812500000002 0.4036458333333333 0.09609375 0.24479166666666666
0 0.6798828125 0.7041666666666666 0.052734375 0.125
0 0.6125 0.4328125 0.08515625 0.22395833333333334
0 0.3328125 0.7244791666666667 0.051562500000000004 0.11145833333333333
0 0.765234375 0.7484375 0.05 0.10729166666666666
0 0.6136718750000001 0.23385416666666667 0.07265625 0.190625
0 0.255078125 0.6765625 0.053125000000000006 0.11354166666666667
0 0.18125000000000002 0.203125 0.0703125 0.19375
0 0.385546875 0.421875 0.06015625 0.125
0 0.821484375 0.46510416666666665 0.06328125 0.14895833333333333
