0 0.1787109375 0.6776041666666667 0.048046875 0.13229166666666667
0 0.029492187500000003 0.6901041666666666 0.058984375000000006 0.228125
0 0.4033203125 0.7130208333333333 0.053515625000000004 0.11145833333333333
0 0.63203125 0.7067708333333333 0.046875 0.14479166666666665
0 0.8703125 0.6494791666666666 0.057031250000000006 0.11145833333333333
0 0.849609375 0.7484375 0.05 0.11562499999999999
0 0.692578125 0.5661458333333333 0.0578125 0.134375
0 0.4267578125 0.61875 0.052734375 0.11458333333333333
0 0.2458984375 0.5369791666666667 0.055078125000000006 0.140625
0 0.0390625 0.15260416666666665 0.055468750000000004 0.19270833333333334
