0 0.19746093750000002 0.49114583333333334 0.087890625 0.22395833333333334
0 0.6845703125 0.5026041666666666 0.09257812500000001 0.23645833333333333
0 0.607421875 0.3963541666666667 0.0484375 0.13229166666666667
0 0.9474609375 0.3645833333333333 0.063671875 0.19583333333333333
0 0.27285156250000003 0.46197916666666666 0.08554687500000001 0.23854166666666665
0 0.8853515625 0.19895833333333332 0.07382812500000001 0.19375
0 0.6154296875 0.534375 0.080078125 0.20208333333333334
0 0.4716796875 0.1703125 0.053515625000000004 0.18229166666666666
0 0.7466796875 0.4109375 0.06992187500000001 0.159375
0 0.31367187500000004 0.37604166666666666 0.0625 0.1625
0 0.1689453125 0.3697916666666667 0.057421875000000004 0.13333333333333333
