0 0.2876953125 0.615625 0.10039062500000001 0.25
0 0.7150390625 0.6520833333333333 0.095703125 0.25416666666666665
0 0.21308593750000002 0.6083333333333333 0.091796875 0.24166666666666667
0 0.6482421875000001 0.640625 0.083984375 0.23333333333333334
0 0.2537109375 0.4458333333333333 0.07382812500000001 0.1875
0 0.6958984375 0.47760416666666666 0.071484375 0.17604166666666665
0 0.04453125 0.08229166666666667 0.084375 0.16041666666666665
0 0.964453125 0.653125 0.06171875 0.175
0 0.9669921875 0.8140625 0.061328125000000004 0.16770833333333332
0 0.9541015625 0.6208333333333333 0.062890625 0.13541666666666666
