0 0.19355468750000002 0.6286458333333333 0.111328125 0.2760416666666667
0 0.1474609375 0.45729166666666665 0.105859375 0.25625
0 0.5740234375000001 0.6510416666666666 0.121484375 0.26458333333333334
0 0.424609375 0.5036458333333333 0.11796875000000001 0.240625
0 0.853515625 0.5078125 0.1171875 0.2947916666666667
0 0.5390625 0.4927083333333333 0.08281250000000001 0.24166666666666667
0 0.8851562500000001 0.3380208333333333 0.06953125 0.17395833333333333
0 0.1953125 0.38229166666666664 0.07187500000000001 0.2
0 0.4634765625 0.334375 0.070703125 0.21041666666666667
0 0.40625 0.3177083333333333 0.057031250000000006 0.14583333333333334
0 0.5886718750000001 0.40625 0.059375000000000004 0.18541666666666667
0 0.8283203125 0.3421875 0.051953125 0.14270833333333333
